10
100
10001
1001
10013
10026
10030
10039
10040
10042
10044
10045
1005
10060
10062
10065
10071
10073
10076
10083
1009
10094
10098
101
1010
10101
10102
1011
1013
10131
10132
10137
1014
10149
10156
10157
1016
10165
10170
10173
1018
10183
10189
10196
102
10201
10203
1021
10218
10220
10225
10232
10233
10235
10240
10253
10259
10260
10261
10263
10267
10275
10297
103
1030
10303
10310
10317
10318
10319
10321
10322
10323
10325
10328
1033
10340
10344
10345
1035
10353
10373
10378
10384
10388
10390
10393
104
10408
10410
10412
10414
10421
1043
10433
10435
10442
10453
10454
10473
1048
10485
10497
105
10502
10512
10518
10530
10532
10533
10534
10547
10561
10564
1057
10571
10572
10576
10582
10597
10600
10615
10620
10633
10637
1064
10643
10651
10666
10677
10680
10683
10685
1069
10692
10695
10697
10702
10708
10710
10719
10727
10739
10742
10743
10745
1075
10753
10756
10757
10763
10766
10769
10775
1078
10780
10782
1079
108
1080
10803
1081
10815
10817
10825
10832
1084
10842
10847
10859
10863
10865
10887
1089
10890
10893
10897
109
10905
10907
10908
10920
10931
10932
10941
10948
10951
10986
10990
10994
11000
11004
11008
11011
1105
1107
1116
1117
1118
1119
1120
1121
1125
1128
1151
1152
116
1165
117
1171
1173
118
1180
1183
1184
1190
1194
1195
1196
12
1200
1202
1207
1209
121
1210
1219
122
1226
1228
1229
1233
1243
1244
1248
1252
1260
1265
1268
127
1277
1281
1282
129
1291
1298
13
130
1312
1316
1318
133
1331
1340
1344
1352
1353
1358
1359
136
1365
1370
138
1388
139
1392
1393
1397
14
141
1412
1413
1416
1417
1418
1419
1424
1425
1428
1429
1446
1448
1453
1457
1460
1462
1464
1465
1467
1471
1474
1476
1480
1481
1482
1483
1484
1487
149
15
1502
1506
1508
1511
1512
1513
1514
1520
1523
1526
153
1531
1534
1537
1539
1547
1549
1556
1557
1559
156
1568
1570
1572
1577
1579
1580
1585
1589
1596
16
160
1607
1608
1610
1612
1618
1622
1625
1628
1629
163
1632
1635
1637
1639
166
167
168
169
17
171
18
180
184
185
191
20
200
21
212
213
216
218
22
222
224
227
23
234
236
237
24
242
245
248
249
25
251
252
255
256
257
258
26
2641
2643
2649
265
2651
2656
2661
2665
2678
2681
2686
2688
269
2692
2698
270
2700
2708
2716
272
2724
273
2734
2738
2740
2742
2744
2745
2751
2754
2755
276
2763
2765
2774
2775
2779
2784
2789
279
2793
2794
2795
28
280
2801
2802
2804
2806
2807
2809
2810
2818
2822
2823
2827
284
285
296
3
30
302
31
310
311
314
315
319
320
322
323
324
325
327
332
333
339
344
346
347
348
349
35
351
356
358
37
370
379
381
3839
384
3845
3846
3847
3849
3853
3854
3857
3859
386
3867
3868
3871
3878
3883
3885
3890
3895
3899
39
3900
3903
3905
3908
3911
3913
3916
3922
3923
3926
3927
3931
3934
3940
3943
3945
3950
3951
3959
3962
3964
3965
3966
397
3974
3983
3985
3987
399
3990
3993
3996
3998
3999
400
4012
4015
4018
4021
4028
4031
404
4041
4046
4050
4051
406
4067
407
4070
4076
4078
4079
4080
4091
4093
4094
4097
41
410
4102
4106
4108
411
4125
4128
4130
4133
4140
4146
4148
4151
4158
4160
4180
4181
4184
4185
4186
4187
4189
4196
4197
420
4207
4209
4214
4219
4222
4223
4225
4227
4231
4237
4246
4249
4268
4269
4271
4275
4277
4284
4285
4293
43
4302
4314
4315
4317
4318
4332
4335
434
4340
4342
4345
4346
4349
435
4355
436
4360
4362
437
4373
4376
4383
4384
4394
4395
4397
4399
440
442
4423
4427
4429
4433
4438
4440
4442
4448
4449
4453
4457
4461
4462
4467
4468
447
4472
4473
4474
4475
4479
4481
4484
4485
4488
4498
4503
4506
4509
4510
4511
4512
4513
4514
4517
4519
4524
453
4530
4536
454
4542
4545
455
4550
4554
4557
4558
4560
4563
4565
4566
4572
4574
4575
4577
46
462
464
466
468
476
477
479
481
485
486
49
495
496
5
501
505
507
519
52
521
522
529
53
532
537
538
539
541
542
546
552
554
557
5579
5585
5586
5589
5591
5593
5595
5596
5600
5601
5608
5609
5613
5614
5615
5619
562
5621
5622
5628
563
5630
5631
5635
5644
5647
565
5657
5658
5666
5669
5672
5674
5676
5684
5689
5699
5701
5702
5711
5714
5715
5716
5717
5721
5724
5733
5735
5737
5740
5745
575
5757
5758
5760
5762
5768
5776
5781
5790
58
5807
5809
581
5813
5815
582
5824
5831
5836
5838
5842
5843
5845
5846
5847
5851
5857
5863
5869
5873
5876
588
5894
5896
59
590
5900
5904
5912
5913
5914
5920
5922
5926
5928
5929
5944
5949
5953
5954
5955
5957
5958
5962
5963
5965
5973
5981
5985
5988
5990
5995
5996
5997
6
60
600
6003
6013
6017
6018
6019
6022
6024
6026
6030
6034
6049
6055
6063
6064
6069
6071
6073
6078
6082
6085
6086
6087
6088
6089
609
6093
6096
6099
61
6108
6109
611
6110
6114
6117
6118
612
6121
6123
6126
6130
6131
6132
6139
614
6144
616
6166
6179
6181
6185
6192
6194
6196
62
6202
6209
621
6210
6211
6215
6216
622
6221
6222
6226
6239
6240
625
6254
6257
6259
626
6271
6273
6275
6278
6282
6290
6299
6301
6302
6308
6310
6313
6319
632
6332
6333
6334
634
6340
6346
6348
6355
6357
636
6364
6388
6393
6394
6397
64
6414
6416
6418
6421
643
6432
6442
6444
6450
6455
6471
6479
648
6480
6489
649
6492
6495
6497
65
6501
6503
6510
6511
6514
6516
6518
6525
6526
653
6531
6533
6534
6542
6544
6546
6559
6565
6569
6580
6587
6588
6589
66
6618
662
6621
6623
6628
663
6633
6635
664
6641
6642
6644
6645
6651
6655
6659
666
6661
6668
6670
6674
6683
6686
6689
669
6690
6695
6696
6698
6715
6722
6726
6730
6733
6734
6739
6740
6742
675
6756
6758
676
6763
6764
6766
6774
6777
6782
6785
6786
6787
6789
6791
6792
68
6800
6803
6807
6814
6815
682
6820
6821
6830
6848
6855
6861
6862
6864
6866
6879
6886
6887
6888
6893
6898
6899
690
6915
692
6928
6932
6936
6942
6949
6957
6958
6959
6962
6969
6972
6977
6980
6983
6984
7
7004
7007
701
7014
7021
703
7036
704
7047
705
7050
7054
7055
706
7061
7065
7075
708
7090
7092
7096
7099
7100
7102
7112
7116
7121
7123
7134
7135
7136
715
7151
7156
7158
7160
7161
7169
717
7173
7176
7198
721
7216
7219
7223
7226
7227
7229
7236
7237
7239
7244
7245
725
7251
7253
726
7262
7269
7278
7280
7281
7283
7291
7297
7299
73
7305
7307
7308
7309
7317
7324
7326
7328
7345
7346
7349
7354
7357
7367
7376
7377
7379
738
7380
7382
7385
739
7396
7401
7407
741
7410
7421
7424
7425
7428
7430
7438
7459
746
7466
7469
748
7482
7489
7493
7494
7497
75
7502
7526
7537
754
7551
7555
7561
7566
7570
7571
7572
7573
7576
7580
7584
7586
759
7595
7598
7601
7609
7610
762
7624
7627
7636
7642
7664
7665
767
7695
7698
77
770
7701
7710
7717
7719
7720
7722
7724
7725
7729
773
7731
7734
7735
7736
7741
7745
7746
7748
775
7758
7764
7767
7773
7775
7786
7790
780
7802
781
7817
782
7837
7839
7848
7859
787
7880
7886
789
7894
79
790
7900
7902
7903
7908
7919
7920
7921
7925
7929
7930
7934
7937
7953
7956
7960
7962
7970
7974
7975
7976
7978
8
80
8020
8021
8022
8024
8026
8034
804
8041
8042
8044
8047
8066
8067
807
8072
8075
8079
8083
8084
8085
8088
8091
8093
81
8101
8116
8123
8132
8133
8144
8146
8149
815
8152
8158
8160
8162
8163
8164
8166
817
8184
8185
8186
819
8191
820
8207
8208
8212
8215
8216
8220
8225
8249
8256
8262
8264
8265
8269
827
8273
828
8284
8289
8309
8314
8324
8325
833
8336
8343
8356
8360
8364
8371
8377
838
8381
839
8391
8394
8396
8397
8400
8410
8411
8413
8414
8420
8436
8442
8443
8448
8457
8458
8459
8464
8465
847
8477
8479
8480
8485
849
8490
8491
8494
8503
8513
8514
8516
8523
8527
8535
8544
8545
8546
8549
8552
856
8560
8562
8564
8565
8573
8575
858
8584
8596
86
8601
8606
8609
8611
8618
8620
8628
8633
864
8645
8647
866
8660
8664
867
8674
8683
8690
87
870
8705
8708
8715
8716
872
8721
8723
8725
8727
8728
8729
8734
8736
8737
8741
8742
8749
875
8763
877
8771
8778
879
8800
8813
8818
882
8836
884
8840
885
8854
8856
8857
8859
8867
8868
8878
888
8881
8882
8885
8897
8899
8901
8909
8910
8914
8922
8932
8936
8937
894
8940
8948
8958
8960
8966
8969
897
8970
8972
8978
8979
898
8982
8983
8988
90
900
9002
9009
9014
9016
9019
9023
9033
9036
9038
9041
906
9060
907
9070
9077
9083
9084
911
9113
9119
9136
9155
9156
9165
9169
9173
9176
9185
9186
9188
9191
92
920
9200
9213
9216
922
9220
9221
9222
9223
9237
924
9242
9244
926
9263
927
9275
9282
929
9300
9301
9304
9305
9306
9308
931
9327
933
9338
9363
9366
9370
938
9382
9397
9398
94
9401
9405
9407
9410
942
9425
944
9440
9444
9450
9456
946
9460
9475
948
9480
9482
9488
949
9495
950
9501
9502
9512
9518
9524
9535
9538
9542
9547
9553
9558
9563
9569
9570
958
9592
9596
96
961
9619
962
9622
9645
965
9653
9654
9656
966
9662
9663
9666
9669
9680
9696
9699
97
970
9710
9724
9726
9727
9734
9735
9737
9738
9748
975
9756
9761
9763
9776
9778
978
979
9791
9793
9795
980
9805
9806
9828
983
9842
9851
9853
9855
9857
9861
9865
9881
9882
989
9891
9892
9893
990
9917
9924
993
9947
9949
995
9953
9957
996
9970
9988
